0 0.081771 0.627778 0.026042 0.081481
0 0.519531 0.580093 0.020313 0.071296
0 0.953385 0.606944 0.030729 0.137963
0 0.758594 0.534722 0.003646 0.025000
0 0.539062 0.530093 0.007292 0.034259
0 0.444531 0.529630 0.007812 0.033333
0 0.561458 0.528704 0.008333 0.033333
0 0.266406 0.527315 0.008854 0.036111
0 0.136719 0.526389 0.006771 0.034259
0 0.107292 0.526389 0.005208 0.034259
0 0.378646 0.518981 0.004167 0.023148
1 0.499219 0.756481 0.176563 0.285185
1 0.011979 0.571296 0.023958 0.033333
1 0.964323 0.525463 0.007812 0.013889
1 0.984635 0.527778 0.029687 0.024074
1 0.374219 0.520833 0.007812 0.015741
1 0.360677 0.519907 0.007812 0.017593
1 0.856510 0.534259 0.105729 0.048148
1 0.514844 0.512500 0.011979 0.017593
2 0.806250 0.551389 0.014583 0.021296
2 0.793750 0.546759 0.011458 0.030556
2 0.780729 0.547222 0.009375 0.018519
2 0.771615 0.544907 0.009896 0.023148
